yyyymm01, Day Count, Normalized Month
19900101, 22, 1.0521
19900201, 19, 0.9087
19900301, 22, 1.0521
19900401, 21, 1.0043
19900501, 22, 1.0521
19900601, 21, 1.0043
19900701, 21, 1.0043
19900801, 23, 1.1000
19900901, 19, 0.9087
19901001, 22, 1.0521
19901101, 20, 0.9565
19901201, 20, 0.9565
19910101, 21, 1.0043
19910201, 19, 0.9087
19910301, 21, 1.0043
19910401, 22, 1.0521
19910501, 22, 1.0521
19910601, 20, 0.9565
19910701, 22, 1.0521
19910801, 22, 1.0521
19910901, 20, 0.9565
19911001, 22, 1.0521
19911101, 19, 0.9087
19911201, 21, 1.0043
19920101, 21, 1.0043
19920201, 19, 0.9087
19920301, 22, 1.0521
19920401, 22, 1.0521
19920501, 20, 0.9565
19920601, 22, 1.0521
19920701, 22, 1.0521
19920801, 21, 1.0043
19920901, 21, 1.0043
19921001, 21, 1.0043
19921101, 19, 0.9087
19921201, 22, 1.0521
19930101, 19, 0.9087
19930201, 19, 0.9087
19930301, 23, 1.1000
19930401, 22, 1.0521
19930501, 20, 0.9565
19930601, 22, 1.0521
19930701, 21, 1.0043
19930801, 22, 1.0521
19930901, 21, 1.0043
19931001, 20, 0.9565
19931101, 20, 0.9565
19931201, 21, 1.0043
19940101, 20, 0.9565
19940201, 19, 0.9087
19940301, 23, 1.1000
19940401, 20, 0.9565
19940501, 21, 1.0043
19940601, 22, 1.0521
19940701, 20, 0.9565
19940801, 23, 1.1000
19940901, 21, 1.0043
19941001, 20, 0.9565
19941101, 20, 0.9565
19941201, 21, 1.0043
19950101, 20, 0.9565
19950201, 19, 0.9087
19950301, 23, 1.1000
19950401, 20, 0.9565
19950501, 22, 1.0521
19950601, 22, 1.0521
19950701, 20, 0.9565
19950801, 23, 1.1000
19950901, 20, 0.9565
19951001, 21, 1.0043
19951101, 20, 0.9565
19951201, 20, 0.9565
19960101, 21, 1.0043
19960201, 20, 0.9565
19960301, 21, 1.0043
19960401, 22, 1.0521
19960501, 22, 1.0521
19960601, 20, 0.9565
19960701, 22, 1.0521
19960801, 22, 1.0521
19960901, 20, 0.9565
19961001, 22, 1.0521
19961101, 19, 0.9087
19961201, 21, 1.0043
19970101, 21, 1.0043
19970201, 19, 0.9087
19970301, 21, 1.0043
19970401, 22, 1.0521
19970501, 21, 1.0043
19970601, 21, 1.0043
19970701, 22, 1.0521
19970801, 21, 1.0043
19970901, 21, 1.0043
19971001, 22, 1.0521
19971101, 18, 0.8608
19971201, 22, 1.0521
19980101, 20, 0.9565
19980201, 19, 0.9087
19980301, 22, 1.0521
19980401, 22, 1.0521
19980501, 20, 0.9565
19980601, 22, 1.0521
19980701, 22, 1.0521
19980801, 21, 1.0043
19980901, 21, 1.0043
19981001, 21, 1.0043
19981101, 19, 0.9087
19981201, 22, 1.0521
19990101, 19, 0.9087
19990201, 19, 0.9087
19990301, 23, 1.1000
19990401, 22, 1.0521
19990501, 20, 0.9565
19990601, 22, 1.0521
19990701, 21, 1.0043
19990801, 22, 1.0521
19990901, 21, 1.0043
19991001, 20, 0.9565
19991101, 20, 0.9565
19991201, 21, 1.0043
20000101, 20, 0.9565
20000201, 20, 0.9565
20000301, 23, 1.1000
20000401, 20, 0.9565
20000501, 22, 1.0521
20000601, 22, 1.0521
20000701, 20, 0.9565
20000801, 23, 1.1000
20000901, 20, 0.9565
20001001, 21, 1.0043
20001101, 20, 0.9565
20001201, 20, 0.9565
20010101, 21, 1.0043
20010201, 19, 0.9087
20010301, 22, 1.0521
20010401, 21, 1.0043
20010501, 22, 1.0521
20010601, 21, 1.0043
20010701, 21, 1.0043
20010801, 23, 1.1000
20010901, 15, 0.7174
20011001, 22, 1.0521
20011101, 20, 0.9565
20011201, 20, 0.9565
20020101, 21, 1.0043
20020201, 19, 0.9087
20020301, 21, 1.0043
20020401, 22, 1.0521
20020501, 22, 1.0521
20020601, 20, 0.9565
20020701, 22, 1.0521
20020801, 22, 1.0521
20020901, 20, 0.9565
20021001, 22, 1.0521
20021101, 19, 0.9087
20021201, 21, 1.0043
20030101, 21, 1.0043
20030201, 19, 0.9087
20030301, 21, 1.0043
20030401, 22, 1.0521
20030501, 21, 1.0043
20030601, 21, 1.0043
20030701, 22, 1.0521
20030801, 21, 1.0043
20030901, 21, 1.0043
20031001, 22, 1.0521
20031101, 18, 0.8608
20031201, 22, 1.0521
20040101, 20, 0.9565
20040201, 19, 0.9087
20040301, 23, 1.1000
20040401, 22, 1.0521
20040501, 20, 0.9565
20040601, 21, 1.0043
20040701, 21, 1.0043
20040801, 22, 1.0521
20040901, 21, 1.0043
20041001, 20, 0.9565
20041101, 20, 0.9565
20041201, 21, 1.0043
20050101, 20, 0.9565
20050201, 19, 0.9087
20050301, 23, 1.1000
20050401, 21, 1.0043
20050501, 21, 1.0043
20050601, 22, 1.0521
20050701, 20, 0.9565
20050801, 23, 1.1000
20050901, 21, 1.0043
20051001, 20, 0.9565
20051101, 20, 0.9565
20051201, 21, 1.0043
20060101, 20, 0.9565
20060201, 19, 0.9087
20060301, 23, 1.1000
20060401, 20, 0.9565
20060501, 22, 1.0521
20060601, 22, 1.0521
20060701, 20, 0.9565
20060801, 23, 1.1000
20060901, 20, 0.9565
20061001, 21, 1.0043
20061101, 20, 0.9565
20061201, 20, 0.9565
20070101, 20, 0.9565
20070201, 19, 0.9087
20070301, 22, 1.0521
20070401, 21, 1.0043
20070501, 22, 1.0521
20070601, 21, 1.0043
20070701, 21, 1.0043
20070801, 23, 1.1000
20070901, 19, 0.9087
20071001, 22, 1.0521
20071101, 20, 0.9565
20071201, 20, 0.9565
20080101, 21, 1.0043
20080201, 20, 0.9565
20080301, 21, 1.0043
20080401, 22, 1.0521
20080501, 21, 1.0043
20080601, 21, 1.0043
20080701, 22, 1.0521
20080801, 21, 1.0043
20080901, 21, 1.0043
20081001, 22, 1.0521
20081101, 18, 0.8608
20081201, 22, 1.0521
20090101, 20, 0.9565
20090201, 19, 0.9087
20090301, 22, 1.0521
20090401, 22, 1.0521
20090501, 20, 0.9565
20090601, 22, 1.0521
20090701, 22, 1.0521
20090801, 21, 1.0043
20090901, 21, 1.0043
20091001, 21, 1.0043
20091101, 19, 0.9087
20091201, 22, 1.0521
20100101, 19, 0.9087
20100201, 19, 0.9087
20100301, 23, 1.1000
20100401, 22, 1.0521
20100501, 20, 0.9565
20100601, 22, 1.0521
20100701, 21, 1.0043
20100801, 22, 1.0521
20100901, 21, 1.0043
20101001, 20, 0.9565
20101101, 20, 0.9565
20101201, 21, 1.0043
20110101, 20, 0.9565
20110201, 19, 0.9087
20110301, 23, 1.1000
20110401, 21, 1.0043
20110501, 21, 1.0043
20110601, 22, 1.0521
20110701, 20, 0.9565
20110801, 23, 1.1000
20110901, 21, 1.0043
20111001, 20, 0.9565
20111101, 20, 0.9565
20111201, 21, 1.0043
20120101, 20, 0.9565
20120201, 20, 0.9565
20120301, 22, 1.0521
20120401, 21, 1.0043
20120501, 22, 1.0521
20120601, 21, 1.0043
20120701, 21, 1.0043
20120801, 23, 1.1000
20120901, 19, 0.9087
20121001, 20, 0.9565
20121101, 20, 0.9565
20121201, 20, 0.9565
20130101, 21, 1.0043
20130201, 19, 0.9087
20130301, 21, 1.0043
20130401, 22, 1.0521
20130501, 22, 1.0521
20130601, 20, 0.9565
20130701, 22, 1.0521
20130801, 22, 1.0521
20130901, 20, 0.9565
20131001, 22, 1.0521
20131101, 19, 0.9087
20131201, 21, 1.0043
20140101, 21, 1.0043
20140201, 19, 0.9087
20140301, 21, 1.0043
20140401, 22, 1.0521
20140501, 21, 1.0043
20140601, 21, 1.0043
20140701, 22, 1.0521
20140801, 21, 1.0043
20140901, 21, 1.0043
20141001, 22, 1.0521
20141101, 18, 0.8608
20141201, 22, 1.0521
20150101, 20, 0.9565
20150201, 19, 0.9087
20150301, 22, 1.0521
20150401, 22, 1.0521
20150501, 20, 0.9565
20150601, 22, 1.0521
20150701, 22, 1.0521
20150801, 21, 1.0043
20150901, 21, 1.0043
20151001, 21, 1.0043
20151101, 19, 0.9087
20151201, 22, 1.0521
20160101, 19, 0.9087
20160201, 20, 0.9565
20160301, 23, 1.1000
20160401, 21, 1.0043
20160501, 21, 1.0043
20160601, 22, 1.0521
20160701, 20, 0.9565
20160801, 23, 1.1000
20160901, 21, 1.0043
20161001, 20, 0.9565
20161101, 20, 0.9565
20161201, 21, 1.0043
20170101, 20, 0.9565
20170201, 19, 0.9087
20170301, 23, 1.1000
20170401, 20, 0.9565
20170501, 22, 1.0521
20170601, 22, 1.0521
20170701, 20, 0.9565
20170801, 23, 1.1000
20170901, 20, 0.9565
20171001, 21, 1.0043
20171101, 21, 1.0043
20171201, 20, 0.9565
20180101, 21, 1.0043
20180201, 19, 0.9087
20180301, 22, 1.0521
20180401, 21, 1.0043
20180501, 22, 1.0521
20180601, 21, 1.0043
20180701, 21, 1.0043
20180801, 23, 1.1000
20180901, 19, 0.9087
20181001, 22, 1.0521
20181101, 20, 0.9565
20181201, 20, 0.9565
20190101, 21, 1.0043
20190201, 19, 0.9087
20190301, 21, 1.0043
20190401, 22, 1.0521
20190501, 22, 1.0521
20190601, 20, 0.9565
20190701, 22, 1.0521
20190801, 22, 1.0521
20190901, 20, 0.9565
20191001, 22, 1.0521
20191101, 19, 0.9087
20191201, 21, 1.0043
20200101, 21, 1.0043
20200201, 19, 0.9087
20200301, 22, 1.0521
20200401, 22, 1.0521
20200501, 20, 0.9565
20200601, 22, 1.0521
20200701, 22, 1.0521
20200801, 21, 1.0043
20200901, 21, 1.0043
20201001, 21, 1.0043
20201101, 19, 0.9087
20201201, 22, 1.0521
20210101, 19, 0.9087
20210201, 19, 0.9087
20210301, 23, 1.1000
20210401, 22, 1.0521
20210501, 20, 0.9565
20210601, 22, 1.0521
20210701, 21, 1.0043
20210801, 22, 1.0521
20210901, 21, 1.0043
20211001, 20, 0.9565
20211101, 20, 0.9565
20211201, 21, 1.0043
20220101, 20, 0.9565
20220201, 19, 0.9087
20220301, 23, 1.1000
20220401, 21, 1.0043
20220501, 21, 1.0043
20220601, 22, 1.0521
20220701, 20, 0.9565
20220801, 23, 1.1000
20220901, 21, 1.0043
20221001, 20, 0.9565
20221101, 20, 0.9565
20221201, 21, 1.0043
20230101, 20, 0.9565
20230201, 19, 0.9087
20230301, 23, 1.1000
20230401, 20, 0.9565
20230501, 22, 1.0521
20230601, 22, 1.0521
20230701, 20, 0.9565
20230801, 23, 1.1000
20230901, 20, 0.9565
20231001, 21, 1.0043
20231101, 20, 0.9565
20231201, 20, 0.9565
20240101, 21, 1.0043
20240201, 20, 0.9565
20240301, 21, 1.0043
20240401, 22, 1.0521
20240501, 22, 1.0521
20240601, 20, 0.9565
20240701, 22, 1.0521
20240801, 22, 1.0521
20240901, 20, 0.9565
20241001, 22, 1.0521
20241101, 19, 0.9087
20241201, 21, 1.0043
20250101, 21, 1.0043
20250201, 19, 0.9087
20250301, 21, 1.0043
20250401, 22, 1.0521
20250501, 21, 1.0043
20250601, 21, 1.0043
20250701, 22, 1.0521
20250801, 21, 1.0043
20250901, 21, 1.0043
20251001, 22, 1.0521
20251101, 18, 0.8608
20251201, 22, 1.0521
20260101, 20, 0.9565
20260201, 19, 0.9087
20260301, 22, 1.0521
20260401, 22, 1.0521
20260501, 20, 0.9565
20260601, 22, 1.0521
20260701, 22, 1.0521
20260801, 21, 1.0043
20260901, 21, 1.0043
20261001, 21, 1.0043
20261101, 19, 0.9087
20261201, 22, 1.0521
20270101, 19, 0.9087
20270201, 19, 0.9087
20270301, 23, 1.1000
20270401, 22, 1.0521
20270501, 20, 0.9565
20270601, 22, 1.0521
20270701, 21, 1.0043
20270801, 22, 1.0521
20270901, 21, 1.0043
20271001, 20, 0.9565
20271101, 20, 0.9565
20271201, 21, 1.0043
20280101, 20, 0.9565
20280201, 20, 0.9565
20280301, 23, 1.1000
20280401, 20, 0.9565
20280501, 22, 1.0521
20280601, 22, 1.0521
20280701, 20, 0.9565
20280801, 23, 1.1000
20280901, 20, 0.9565
20281001, 21, 1.0043
20281101, 20, 0.9565
20281201, 20, 0.9565
20290101, 21, 1.0043
20290201, 19, 0.9087
20290301, 22, 1.0521
20290401, 21, 1.0043
20290501, 22, 1.0521
20290601, 21, 1.0043
20290701, 21, 1.0043
20290801, 23, 1.1000
20290901, 19, 0.9087
20291001, 22, 1.0521
20291101, 20, 0.9565
20291201, 20, 0.9565
20300101, 21, 1.0043
20300201, 19, 0.9087
20300301, 21, 1.0043
20300401, 22, 1.0521
20300501, 22, 1.0521
20300601, 20, 0.9565
20300701, 22, 1.0521
20300801, 22, 1.0521
20300901, 20, 0.9565
20301001, 22, 1.0521
20301101, 19, 0.9087
20301201, 21, 1.0043
20310101, 21, 1.0043
20310201, 19, 0.9087
20310301, 21, 1.0043
20310401, 22, 1.0521
20310501, 21, 1.0043
20310601, 21, 1.0043
20310701, 22, 1.0521
20310801, 21, 1.0043
20310901, 21, 1.0043
20311001, 22, 1.0521
20311101, 18, 0.8608
20311201, 22, 1.0521
20320101, 20, 0.9565
20320201, 19, 0.9087
20320301, 23, 1.1000
20320401, 22, 1.0521
20320501, 20, 0.9565
20320601, 22, 1.0521
20320701, 21, 1.0043
20320801, 22, 1.0521
20320901, 21, 1.0043
20321001, 20, 0.9565
20321101, 20, 0.9565
20321201, 21, 1.0043
20330101, 20, 0.9565
20330201, 19, 0.9087
20330301, 23, 1.1000
20330401, 21, 1.0043
20330501, 21, 1.0043
20330601, 22, 1.0521
20330701, 20, 0.9565
20330801, 23, 1.1000
20330901, 21, 1.0043
20331001, 20, 0.9565
20331101, 20, 0.9565
20331201, 21, 1.0043
20340101, 20, 0.9565
20340201, 19, 0.9087
20340301, 23, 1.1000
20340401, 20, 0.9565
20340501, 22, 1.0521
20340601, 22, 1.0521
20340701, 20, 0.9565
20340801, 23, 1.1000
20340901, 20, 0.9565
20341001, 21, 1.0043
20341101, 20, 0.9565
20341201, 20, 0.9565
20350101, 21, 1.0043
20350201, 19, 0.9087
20350301, 22, 1.0521
20350401, 21, 1.0043
20350501, 22, 1.0521
20350601, 21, 1.0043
20350701, 21, 1.0043
20350801, 23, 1.1000
20350901, 19, 0.9087
20351001, 22, 1.0521
20351101, 20, 0.9565
20351201, 20, 0.9565
20360101, 21, 1.0043
20360201, 20, 0.9565
20360301, 21, 1.0043
20360401, 22, 1.0521
20360501, 21, 1.0043
20360601, 21, 1.0043
20360701, 22, 1.0521
20360801, 21, 1.0043
20360901, 21, 1.0043
20361001, 22, 1.0521
20361101, 18, 0.8608
20361201, 22, 1.0521
20370101, 20, 0.9565
20370201, 19, 0.9087
20370301, 22, 1.0521
20370401, 22, 1.0521
20370501, 20, 0.9565
20370601, 22, 1.0521
20370701, 22, 1.0521
20370801, 21, 1.0043
20370901, 21, 1.0043
20371001, 21, 1.0043
20371101, 19, 0.9087
20371201, 22, 1.0521
20380101, 19, 0.9087
20380201, 19, 0.9087
20380301, 23, 1.1000
20380401, 22, 1.0521
20380501, 20, 0.9565
20380601, 22, 1.0521
20380701, 21, 1.0043
20380801, 22, 1.0521
20380901, 21, 1.0043
20381001, 20, 0.9565
20381101, 20, 0.9565
20381201, 21, 1.0043
20390101, 20, 0.9565
20390201, 19, 0.9087
20390301, 23, 1.1000
20390401, 21, 1.0043
20390501, 21, 1.0043
20390601, 22, 1.0521
20390701, 20, 0.9565
20390801, 23, 1.1000
20390901, 21, 1.0043
20391001, 20, 0.9565
20391101, 20, 0.9565
20391201, 21, 1.0043
20400101, 20, 0.9565
20400201, 20, 0.9565
20400301, 22, 1.0521
20400401, 21, 1.0043
20400501, 22, 1.0521
20400601, 21, 1.0043
20400701, 21, 1.0043
20400801, 23, 1.1000
20400901, 19, 0.9087
20401001, 22, 1.0521
20401101, 20, 0.9565
20401201, 20, 0.9565
20410101, 21, 1.0043
20410201, 19, 0.9087
20410301, 21, 1.0043
20410401, 22, 1.0521
20410501, 22, 1.0521
20410601, 20, 0.9565
20410701, 22, 1.0521
20410801, 22, 1.0521
20410901, 20, 0.9565
20411001, 22, 1.0521
20411101, 19, 0.9087
20411201, 21, 1.0043
20420101, 21, 1.0043
20420201, 19, 0.9087
20420301, 21, 1.0043
20420401, 22, 1.0521
20420501, 21, 1.0043
20420601, 21, 1.0043
20420701, 22, 1.0521
20420801, 21, 1.0043
20420901, 21, 1.0043
20421001, 22, 1.0521
20421101, 18, 0.8608
20421201, 22, 1.0521
20430101, 20, 0.9565
20430201, 19, 0.9087
20430301, 22, 1.0521
20430401, 22, 1.0521
20430501, 20, 0.9565
20430601, 22, 1.0521
20430701, 22, 1.0521
20430801, 21, 1.0043
20430901, 21, 1.0043
20431001, 21, 1.0043
20431101, 19, 0.9087
20431201, 22, 1.0521
20440101, 19, 0.9087
20440201, 20, 0.9565
20440301, 23, 1.1000
20440401, 21, 1.0043
20440501, 21, 1.0043
20440601, 22, 1.0521
20440701, 20, 0.9565
20440801, 23, 1.1000
20440901, 21, 1.0043
20441001, 20, 0.9565
20441101, 20, 0.9565
20441201, 21, 1.0043
20450101, 20, 0.9565
20450201, 19, 0.9087
20450301, 23, 1.1000
20450401, 20, 0.9565
20450501, 22, 1.0521
20450601, 22, 1.0521
20450701, 20, 0.9565
20450801, 23, 1.1000
20450901, 20, 0.9565
20451001, 21, 1.0043
20451101, 20, 0.9565
20451201, 20, 0.9565
20460101, 21, 1.0043
20460201, 19, 0.9087
20460301, 22, 1.0521
20460401, 21, 1.0043
20460501, 22, 1.0521
20460601, 21, 1.0043
20460701, 21, 1.0043
20460801, 23, 1.1000
20460901, 19, 0.9087
20461001, 22, 1.0521
20461101, 20, 0.9565
20461201, 20, 0.9565
20470101, 21, 1.0043
20470201, 19, 0.9087
20470301, 21, 1.0043
20470401, 22, 1.0521
20470501, 22, 1.0521
20470601, 20, 0.9565
20470701, 22, 1.0521
20470801, 22, 1.0521
20470901, 20, 0.9565
20471001, 22, 1.0521
20471101, 19, 0.9087
20471201, 21, 1.0043
20480101, 21, 1.0043
20480201, 19, 0.9087
20480301, 22, 1.0521
20480401, 22, 1.0521
20480501, 20, 0.9565
20480601, 22, 1.0521
20480701, 22, 1.0521
20480801, 21, 1.0043
20480901, 21, 1.0043
20481001, 21, 1.0043
20481101, 19, 0.9087
20481201, 22, 1.0521
20490101, 19, 0.9087
20490201, 19, 0.9087
20490301, 23, 1.1000
20490401, 22, 1.0521
20490501, 20, 0.9565
20490601, 22, 1.0521
20490701, 21, 1.0043
20490801, 22, 1.0521
20490901, 21, 1.0043
20491001, 20, 0.9565
20491101, 20, 0.9565
20491201, 21, 1.0043
20500101, 20, 0.9565
20500201, 19, 0.9087
20500301, 23, 1.1000
20500401, 21, 1.0043
20500501, 21, 1.0043
20500601, 22, 1.0521
20500701, 20, 0.9565
20500801, 23, 1.1000
20500901, 21, 1.0043
20501001, 20, 0.9565
20501101, 20, 0.9565
20501201, 21, 1.0043
20510101, 20, 0.9565
20510201, 19, 0.9087
20510301, 23, 1.1000
20510401, 20, 0.9565
20510501, 22, 1.0521
20510601, 22, 1.0521
20510701, 20, 0.9565
20510801, 23, 1.1000
20510901, 20, 0.9565
20511001, 21, 1.0043
20511101, 20, 0.9565
20511201, 20, 0.9565
20520101, 21, 1.0043
20520201, 20, 0.9565
20520301, 21, 1.0043
20520401, 22, 1.0521
20520501, 22, 1.0521
20520601, 20, 0.9565
20520701, 22, 1.0521
20520801, 22, 1.0521
20520901, 20, 0.9565
20521001, 22, 1.0521
20521101, 19, 0.9087
20521201, 21, 1.0043
20530101, 21, 1.0043
20530201, 19, 0.9087
20530301, 21, 1.0043
20530401, 22, 1.0521
20530501, 21, 1.0043
20530601, 21, 1.0043
20530701, 22, 1.0521
20530801, 21, 1.0043
20530901, 21, 1.0043
20531001, 22, 1.0521
20531101, 18, 0.8608
20531201, 22, 1.0521
20540101, 20, 0.9565
20540201, 19, 0.9087
20540301, 22, 1.0521
20540401, 22, 1.0521
20540501, 20, 0.9565
20540601, 22, 1.0521
20540701, 22, 1.0521
20540801, 21, 1.0043
20540901, 21, 1.0043
20541001, 21, 1.0043
20541101, 19, 0.9087
20541201, 22, 1.0521
20550101, 19, 0.9087
20550201, 19, 0.9087
20550301, 23, 1.1000
20550401, 22, 1.0521
20550501, 20, 0.9565
20550601, 22, 1.0521
20550701, 21, 1.0043
20550801, 22, 1.0521
20550901, 21, 1.0043
20551001, 20, 0.9565
20551101, 20, 0.9565
20551201, 21, 1.0043
20560101, 20, 0.9565
20560201, 20, 0.9565
20560301, 23, 1.1000
20560401, 20, 0.9565
20560501, 22, 1.0521
20560601, 22, 1.0521
20560701, 20, 0.9565
20560801, 23, 1.1000
20560901, 20, 0.9565
20561001, 21, 1.0043
20561101, 20, 0.9565
20561201, 20, 0.9565
20570101, 21, 1.0043
20570201, 19, 0.9087
20570301, 22, 1.0521
20570401, 21, 1.0043
20570501, 22, 1.0521
20570601, 21, 1.0043
20570701, 21, 1.0043
20570801, 23, 1.1000
20570901, 19, 0.9087
20571001, 22, 1.0521
20571101, 20, 0.9565
20571201, 20, 0.9565
20580101, 21, 1.0043
20580201, 19, 0.9087
20580301, 21, 1.0043
20580401, 22, 1.0521
20580501, 22, 1.0521
20580601, 20, 0.9565
20580701, 22, 1.0521
20580801, 22, 1.0521
20580901, 20, 0.9565
20581001, 22, 1.0521
20581101, 19, 0.9087
20581201, 21, 1.0043
20590101, 21, 1.0043
20590201, 19, 0.9087
20590301, 21, 1.0043
20590401, 22, 1.0521
20590501, 21, 1.0043
20590601, 21, 1.0043
20590701, 22, 1.0521
20590801, 21, 1.0043
20590901, 21, 1.0043
20591001, 22, 1.0521
20591101, 18, 0.8608
20591201, 22, 1.0521
20600101, 20, 0.9565
20600201, 19, 0.9087
20600301, 23, 1.1000
20600401, 22, 1.0521
20600501, 20, 0.9565
20600601, 22, 1.0521
20600701, 21, 1.0043
20600801, 22, 1.0521
20600901, 21, 1.0043
20601001, 20, 0.9565
20601101, 20, 0.9565
20601201, 21, 1.0043
20610101, 20, 0.9565
20610201, 19, 0.9087
20610301, 23, 1.1000
20610401, 21, 1.0043
20610501, 21, 1.0043
20610601, 22, 1.0521
20610701, 20, 0.9565
20610801, 23, 1.1000
20610901, 21, 1.0043
20611001, 20, 0.9565
20611101, 20, 0.9565
20611201, 21, 1.0043
20620101, 20, 0.9565
20620201, 19, 0.9087
20620301, 23, 1.1000
20620401, 20, 0.9565
20620501, 22, 1.0521
20620601, 22, 1.0521
20620701, 20, 0.9565
20620801, 23, 1.1000
20620901, 20, 0.9565
20621001, 21, 1.0043
20621101, 20, 0.9565
20621201, 20, 0.9565
20630101, 21, 1.0043
20630201, 19, 0.9087
20630301, 22, 1.0521
20630401, 21, 1.0043
20630501, 22, 1.0521
20630601, 21, 1.0043
20630701, 21, 1.0043
20630801, 23, 1.1000
20630901, 19, 0.9087
20631001, 22, 1.0521
20631101, 20, 0.9565
20631201, 20, 0.9565
20640101, 21, 1.0043
20640201, 20, 0.9565
20640301, 21, 1.0043
20640401, 22, 1.0521
20640501, 21, 1.0043
20640601, 21, 1.0043
20640701, 22, 1.0521
20640801, 21, 1.0043
20640901, 21, 1.0043
20641001, 22, 1.0521
20641101, 18, 0.8608
20641201, 22, 1.0521
20650101, 20, 0.9565
20650201, 19, 0.9087
20650301, 22, 1.0521
20650401, 22, 1.0521
20650501, 20, 0.9565
20650601, 22, 1.0521
20650701, 22, 1.0521
20650801, 21, 1.0043
20650901, 21, 1.0043
20651001, 21, 1.0043
20651101, 19, 0.9087
20651201, 22, 1.0521
20660101, 19, 0.9087
20660201, 19, 0.9087
20660301, 23, 1.1000
20660401, 22, 1.0521
20660501, 20, 0.9565
20660601, 22, 1.0521
20660701, 21, 1.0043
20660801, 22, 1.0521
20660901, 21, 1.0043
20661001, 20, 0.9565
20661101, 20, 0.9565
20661201, 21, 1.0043
20670101, 20, 0.9565
20670201, 19, 0.9087
20670301, 23, 1.1000
20670401, 21, 1.0043
20670501, 21, 1.0043
20670601, 22, 1.0521
20670701, 20, 0.9565
20670801, 23, 1.1000
20670901, 21, 1.0043
20671001, 20, 0.9565
20671101, 20, 0.9565
20671201, 21, 1.0043
20680101, 20, 0.9565
20680201, 20, 0.9565
20680301, 22, 1.0521
20680401, 21, 1.0043
20680501, 22, 1.0521
20680601, 21, 1.0043
20680701, 21, 1.0043
20680801, 23, 1.1000
20680901, 19, 0.9087
20681001, 22, 1.0521
20681101, 20, 0.9565
20681201, 20, 0.9565
20690101, 21, 1.0043
20690201, 19, 0.9087
20690301, 21, 1.0043
20690401, 22, 1.0521
20690501, 22, 1.0521
20690601, 20, 0.9565
20690701, 22, 1.0521
20690801, 22, 1.0521
20690901, 20, 0.9565
20691001, 22, 1.0521
20691101, 19, 0.9087
20691201, 21, 1.0043
20700101, 21, 1.0043
20700201, 19, 0.9087
20700301, 21, 1.0043
20700401, 22, 1.0521
20700501, 21, 1.0043
20700601, 21, 1.0043
20700701, 22, 1.0521
20700801, 21, 1.0043
20700901, 21, 1.0043
20701001, 22, 1.0521
20701101, 18, 0.8608
20701201, 22, 1.0521
20710101, 20, 0.9565
20710201, 19, 0.9087
20710301, 22, 1.0521
20710401, 22, 1.0521
20710501, 20, 0.9565
20710601, 22, 1.0521
20710701, 22, 1.0521
20710801, 21, 1.0043
20710901, 21, 1.0043
20711001, 21, 1.0043
20711101, 19, 0.9087
20711201, 22, 1.0521
20720101, 19, 0.9087
20720201, 20, 0.9565
20720301, 23, 1.1000
20720401, 21, 1.0043
20720501, 21, 1.0043
20720601, 22, 1.0521
20720701, 20, 0.9565
20720801, 23, 1.1000
20720901, 21, 1.0043
20721001, 20, 0.9565
20721101, 20, 0.9565
20721201, 21, 1.0043
20730101, 20, 0.9565
20730201, 19, 0.9087
20730301, 23, 1.1000
20730401, 20, 0.9565
20730501, 22, 1.0521
20730601, 22, 1.0521
20730701, 20, 0.9565
20730801, 23, 1.1000
20730901, 20, 0.9565
20731001, 21, 1.0043
20731101, 20, 0.9565
20731201, 20, 0.9565
20740101, 21, 1.0043
20740201, 19, 0.9087
20740301, 22, 1.0521
20740401, 21, 1.0043
20740501, 22, 1.0521
20740601, 21, 1.0043
20740701, 21, 1.0043
20740801, 23, 1.1000
20740901, 19, 0.9087
20741001, 22, 1.0521
20741101, 20, 0.9565
20741201, 20, 0.9565
20750101, 21, 1.0043
20750201, 19, 0.9087
20750301, 21, 1.0043
20750401, 22, 1.0521
20750501, 22, 1.0521
20750601, 20, 0.9565
20750701, 22, 1.0521
20750801, 22, 1.0521
20750901, 20, 0.9565
20751001, 22, 1.0521
20751101, 19, 0.9087
20751201, 21, 1.0043
20760101, 21, 1.0043
20760201, 19, 0.9087
20760301, 22, 1.0521
20760401, 22, 1.0521
20760501, 20, 0.9565
20760601, 22, 1.0521
20760701, 22, 1.0521
20760801, 21, 1.0043
20760901, 21, 1.0043
20761001, 21, 1.0043
20761101, 19, 0.9087
20761201, 22, 1.0521
20770101, 19, 0.9087
20770201, 19, 0.9087
20770301, 23, 1.1000
20770401, 22, 1.0521
20770501, 20, 0.9565
20770601, 22, 1.0521
20770701, 21, 1.0043
20770801, 22, 1.0521
20770901, 21, 1.0043
20771001, 20, 0.9565
20771101, 20, 0.9565
20771201, 21, 1.0043
20780101, 20, 0.9565
20780201, 19, 0.9087
20780301, 23, 1.1000
20780401, 21, 1.0043
20780501, 21, 1.0043
20780601, 22, 1.0521
20780701, 20, 0.9565
20780801, 23, 1.1000
20780901, 21, 1.0043
20781001, 20, 0.9565
20781101, 20, 0.9565
20781201, 21, 1.0043
20790101, 20, 0.9565
20790201, 19, 0.9087
20790301, 23, 1.1000
20790401, 20, 0.9565
20790501, 22, 1.0521
20790601, 22, 1.0521
20790701, 20, 0.9565
20790801, 23, 1.1000
20790901, 20, 0.9565
20791001, 21, 1.0043
20791101, 20, 0.9565
20791201, 20, 0.9565
20800101, 21, 1.0043
20800201, 20, 0.9565
20800301, 21, 1.0043
20800401, 22, 1.0521
20800501, 22, 1.0521
20800601, 20, 0.9565
20800701, 22, 1.0521
20800801, 22, 1.0521
20800901, 20, 0.9565
20801001, 22, 1.0521
20801101, 19, 0.9087
20801201, 21, 1.0043
20810101, 21, 1.0043
20810201, 19, 0.9087
20810301, 21, 1.0043
20810401, 22, 1.0521
20810501, 21, 1.0043
20810601, 21, 1.0043
20810701, 22, 1.0521
20810801, 21, 1.0043
20810901, 21, 1.0043
20811001, 22, 1.0521
20811101, 18, 0.8608
20811201, 22, 1.0521
20820101, 20, 0.9565
20820201, 19, 0.9087
20820301, 22, 1.0521
20820401, 22, 1.0521
20820501, 20, 0.9565
20820601, 22, 1.0521
20820701, 22, 1.0521
20820801, 21, 1.0043
20820901, 21, 1.0043
20821001, 21, 1.0043
20821101, 19, 0.9087
20821201, 22, 1.0521
20830101, 19, 0.9087
20830201, 19, 0.9087
20830301, 23, 1.1000
20830401, 22, 1.0521
20830501, 20, 0.9565
20830601, 22, 1.0521
20830701, 21, 1.0043
20830801, 22, 1.0521
20830901, 21, 1.0043
20831001, 20, 0.9565
20831101, 20, 0.9565
20831201, 21, 1.0043
20840101, 20, 0.9565
20840201, 20, 0.9565
20840301, 23, 1.1000
20840401, 20, 0.9565
20840501, 22, 1.0521
20840601, 22, 1.0521
20840701, 20, 0.9565
20840801, 23, 1.1000
20840901, 20, 0.9565
20841001, 21, 1.0043
20841101, 20, 0.9565
20841201, 20, 0.9565
20850101, 21, 1.0043
20850201, 19, 0.9087
20850301, 22, 1.0521
20850401, 21, 1.0043
20850501, 22, 1.0521
20850601, 21, 1.0043
20850701, 21, 1.0043
20850801, 23, 1.1000
20850901, 19, 0.9087
20851001, 22, 1.0521
20851101, 20, 0.9565
20851201, 20, 0.9565
20860101, 21, 1.0043
20860201, 19, 0.9087
20860301, 21, 1.0043
20860401, 22, 1.0521
20860501, 22, 1.0521
20860601, 20, 0.9565
20860701, 22, 1.0521
20860801, 22, 1.0521
20860901, 20, 0.9565
20861001, 22, 1.0521
20861101, 19, 0.9087
20861201, 21, 1.0043
20870101, 21, 1.0043
20870201, 19, 0.9087
20870301, 21, 1.0043
20870401, 22, 1.0521
20870501, 21, 1.0043
20870601, 21, 1.0043
20870701, 22, 1.0521
20870801, 21, 1.0043
20870901, 21, 1.0043
20871001, 22, 1.0521
20871101, 18, 0.8608
20871201, 22, 1.0521
20880101, 20, 0.9565
20880201, 19, 0.9087
20880301, 23, 1.1000
20880401, 22, 1.0521
20880501, 20, 0.9565
20880601, 22, 1.0521
20880701, 21, 1.0043
20880801, 22, 1.0521
20880901, 21, 1.0043
20881001, 20, 0.9565
20881101, 20, 0.9565
20881201, 21, 1.0043
20890101, 20, 0.9565
20890201, 19, 0.9087
20890301, 23, 1.1000
20890401, 21, 1.0043
20890501, 21, 1.0043
20890601, 22, 1.0521
20890701, 20, 0.9565
20890801, 23, 1.1000
20890901, 21, 1.0043
20891001, 20, 0.9565
20891101, 20, 0.9565
20891201, 21, 1.0043
20900101, 20, 0.9565
20900201, 19, 0.9087
20900301, 23, 1.1000
20900401, 20, 0.9565
20900501, 22, 1.0521
20900601, 22, 1.0521
20900701, 20, 0.9565
20900801, 23, 1.1000
20900901, 20, 0.9565
20901001, 21, 1.0043
20901101, 20, 0.9565
20901201, 20, 0.9565
20910101, 21, 1.0043
20910201, 19, 0.9087
20910301, 22, 1.0521
20910401, 21, 1.0043
20910501, 22, 1.0521
20910601, 21, 1.0043
20910701, 21, 1.0043
20910801, 23, 1.1000
20910901, 19, 0.9087
20911001, 22, 1.0521
20911101, 20, 0.9565
20911201, 20, 0.9565
20920101, 21, 1.0043
20920201, 20, 0.9565
20920301, 21, 1.0043
20920401, 22, 1.0521
20920501, 21, 1.0043
20920601, 21, 1.0043
20920701, 22, 1.0521
20920801, 21, 1.0043
20920901, 21, 1.0043
20921001, 22, 1.0521
20921101, 18, 0.8608
20921201, 22, 1.0521
20930101, 20, 0.9565
20930201, 19, 0.9087
20930301, 22, 1.0521
20930401, 22, 1.0521
20930501, 20, 0.9565
20930601, 22, 1.0521
20930701, 22, 1.0521
20930801, 21, 1.0043
20930901, 21, 1.0043
20931001, 21, 1.0043
20931101, 19, 0.9087
20931201, 22, 1.0521
20940101, 19, 0.9087
20940201, 19, 0.9087
20940301, 23, 1.1000
20940401, 22, 1.0521
20940501, 20, 0.9565
20940601, 22, 1.0521
20940701, 21, 1.0043
20940801, 22, 1.0521
20940901, 21, 1.0043
20941001, 20, 0.9565
20941101, 20, 0.9565
20941201, 21, 1.0043
20950101, 20, 0.9565
20950201, 19, 0.9087
20950301, 23, 1.1000
20950401, 21, 1.0043
20950501, 21, 1.0043
20950601, 22, 1.0521
20950701, 20, 0.9565
20950801, 23, 1.1000
20950901, 21, 1.0043
20951001, 20, 0.9565
20951101, 20, 0.9565
20951201, 21, 1.0043
20960101, 20, 0.9565
20960201, 20, 0.9565
20960301, 22, 1.0521
20960401, 21, 1.0043
20960501, 22, 1.0521
20960601, 21, 1.0043
20960701, 21, 1.0043
20960801, 23, 1.1000
20960901, 19, 0.9087
20961001, 22, 1.0521
20961101, 20, 0.9565
20961201, 20, 0.9565
20970101, 21, 1.0043
20970201, 19, 0.9087
20970301, 21, 1.0043
20970401, 22, 1.0521
20970501, 22, 1.0521
20970601, 20, 0.9565
20970701, 22, 1.0521
20970801, 22, 1.0521
20970901, 20, 0.9565
20971001, 22, 1.0521
20971101, 19, 0.9087
20971201, 21, 1.0043
20980101, 21, 1.0043
20980201, 19, 0.9087
20980301, 21, 1.0043
20980401, 22, 1.0521
20980501, 21, 1.0043
20980601, 21, 1.0043
20980701, 22, 1.0521
20980801, 21, 1.0043
20980901, 21, 1.0043
20981001, 22, 1.0521
20981101, 18, 0.8608
20981201, 22, 1.0521
20990101, 20, 0.9565
20990201, 19, 0.9087
20990301, 22, 1.0521
20990401, 22, 1.0521
20990501, 20, 0.9565
20990601, 22, 1.0521
20990701, 22, 1.0521
20990801, 21, 1.0043
20990901, 21, 1.0043
20991001, 21, 1.0043
20991101, 19, 0.9087
